2	0.345500702375
4	0.0588579499196
5	0.0105952720591
6	0.0456298120613
8	0.115106069305
10	0.0199334602017
12	0.577423401418
13	0.0462313906594
18	0.265048014067
21	0.419418099209
22	0.113243020283
24	0.376066546077
25	0.208296306638
26	0.0
29	0.0
30	0.363219015946
31	0.198400194261
34	0.14356423081
35	0.379033229976
38	0.0
41	0.0
44	0.285411491071
46	0.343270380421
50	0.154003422396
51	0.0913176962236
53	0.414093438881
57	0.0
58	0.216108105084
63	0.405657537386
66	0.0
67	0.0
68	0.398647870694
69	0.466721779026
72	0.362549468307
73	0.0
79	0.078297350411
82	0.0
83	0.52712134107
84	0.210547080514
86	0.084029706675
87	0.0851834255013
88	0.0
89	0.546016042147
